11 00 00 00 00 00 00 00 00 00 00 00 00 00 00 00
00 10 00 00 00 00 00 00 00 00 00 00 00 00 00 00
00 01 00 00 00 00 00 00 00 00 00 00 00 00 00 00
11 00 00 00 00 00 00 00 00 00 00 00 00 00 00 00
10 10 00 00 00 00 00 00 00 00 00 00 00 00 00 00
10 00 00 00 00 00 00 00 00 00 00 00 00 00 00 00
10 00 00 00 00 00 00 00 00 00 00 00 00 00 00 00
00 10 00 00 00 00 00 00 00 00 00 00 00 00 00 00
10 01 00 00 00 00 00 00 00 00 00 00 00 00 00 00
00 00 00 00 00 00 00 00 00 00 00 00 00 00 00 00
00 10 00 00 00 00 00 00 00 00 00 00 00 00 00 00
01 10 00 00 00 00 00 00 00 00 00 00 00 00 00 00
01 00 00 00 00 00 00 00 00 00 00 00 00 00 00 00
00 00 00 00 00 00 00 00 00 00 00 00 00 00 00 00
10 00 00 00 00 00 00 00 00 00 00 00 00 00 00 00
00 10 00 00 00 00 00 00 00 00 00 00 00 00 00 00
0, 8, 2, 10,12, 4,14, 6, 3,11, 1, 9,15, 7,13, 5

01000000010100100100000100100100 <- format

00100100100000100100101000000010